445555669
445555588
444555778
444466678
444457777
345556678
344666668
344566777
344445599
335666677
334445789
333456689
333455888
333447788
333366788
255566677
246666667
244446689
244445888
234555689
234456779
233566679
233556788
233467778
233336889
225556679
225555788
224666669
224566688
224557778
224477777
223667777
223445799
223356699
223355889
223347789
222555699
222447888
222367779
222366888
222237799
144556679
144555788
144466688
144457778
135566669
135556688
134566778
134444799
133446699
133445889
133347888
126666668
125666777
124455699
123456789
123367788
122566779
122557788
122477778
122345899
122337889
122256799
122248888
122225999
114556689
114555888
114466779
114457788
113666679
113566788
113444899
113338888
112446799
112366699
112356889
112277788
112244999
111466789
111457888
111246899
111166889
111158888